60 96 17179869184
10918983912 12884901888
10918983912 12884901888
10918983912 12884901888
10918983912 12884901888
10918983912 12884901888
10918983912 12884901888
10918983912 12884901888
10918983912 12884901888
10918983912 12884901888
10918983912 12884901888
10918983912 12884901888
10918983912 12884901888
8589934592 11423330987
8589934592 11423330987
8589934592 11423330987
8589934592 11423330987
8589934592 11423330987
8589934592 11423330987
8589934592 11423330987
8589934592 11423330987
8589934592 11423330987
8589934592 11423330987
8589934592 11423330987
8589934592 11423330987
12884901888 13068056187
12884901888 13068056187
12884901888 13068056187
12884901888 13068056187
12884901888 13068056187
12884901888 13068056187
12884901888 13068056187
12884901888 13068056187
12884901888 13068056187
12884901888 13068056187
12884901888 13068056187
12884901888 13068056187
12884901888 14242859901
12884901888 14242859901
12884901888 14242859901
12884901888 14242859901
12884901888 14242859901
12884901888 14242859901
12884901888 14242859901
12884901888 14242859901
12884901888 14242859901
12884901888 14242859901
12884901888 14242859901
12884901888 14242859901
13985539963 15082005411
13985539963 15082005411
13985539963 15082005411
13985539963 15082005411
13985539963 15082005411
13985539963 15082005411
13985539963 15082005411
13985539963 15082005411
13985539963 15082005411
13985539963 15082005411
13985539963 15082005411
13985539963 15082005411
0 18 1 2
0 43 4 2 2 2 -4
1 22 1 2
1 39 4 2 2 2 -4
2 13 1 2
3 17 1 2
3 44 4 2 2 2 -4
4 21 1 2
4 40 4 2 2 2 -4
5 12 1 2
5 36 4 2 2 2 -4
6 16 1 2
6 45 4 2 2 2 -4
7 20 1 2
9 15 1 2
9 46 4 2 2 2 -4
10 19 1 2
11 23 1 2
11 38 4 2 2 2 -4
12 36 3 2 2 -4
12 56 5 2 2 2 -4 2
13 53 5 2 2 2 -4 2
14 47 3 2 2 -4
15 46 3 2 2 -4
16 45 3 2 2 -4
16 57 5 2 2 2 -4 2
17 44 3 2 2 -4
17 54 5 2 2 2 -4 2
18 43 3 2 2 -4
18 51 5 2 2 2 -4 2
21 40 3 2 2 -4
21 55 5 2 2 2 -4 2
22 39 3 2 2 -4
23 38 3 2 2 -4
23 49 5 2 2 2 -4 2
24 18 1 2
24 51 6 2 2 2 2 -4 2
25 22 1 2
26 13 1 2
26 53 6 2 2 2 2 -4 2
27 17 1 2
27 54 6 2 2 2 2 -4 2
28 21 1 2
28 55 6 2 2 2 2 -4 2
29 12 1 2
29 56 6 2 2 2 2 -4 2
30 16 1 2
30 57 6 2 2 2 2 -4 2
31 20 1 2
33 15 1 2
34 19 1 2
35 23 1 2
35 49 6 2 2 2 2 -4 2
36 6 1 2
36 30 1 2
37 10 1 2
37 34 1 2
38 1 1 2
38 25 1 2
39 5 1 2
39 29 1 2
40 9 1 2
40 33 1 2
41 0 1 2
41 24 1 2
42 4 1 2
42 28 1 2
43 8 1 2
43 32 1 2
45 3 1 2
45 27 1 2
46 7 1 2
46 31 1 2
47 11 1 2
47 35 1 2
48 4 2 2 2
48 42 1 2
49 7 2 2 2
49 46 1 2
50 10 2 2 2
50 37 1 2
51 0 2 2 2
51 41 1 2
52 3 2 2 2
52 45 1 2
53 6 2 2 2
53 36 1 2
54 9 2 2 2
54 40 1 2
55 44 1 2
57 5 2 2 2
57 39 1 2
58 8 2 2 2
58 43 1 2
59 11 2 2 2
59 47 1 2
