50 103 17179869184
0 4294967296
0 4294967296
0 4294967296
0 4294967296
0 4294967296
0 4294967296
0 4294967296
0 4294967296
0 4294967296
0 4294967296
4908534052 8589934592
4908534052 8589934592
4908534052 8589934592
4908534052 8589934592
4908534052 8589934592
4908534052 8589934592
4908534052 8589934592
4908534052 8589934592
4908534052 8589934592
4908534052 8589934592
8589934592 12884901888
8589934592 12884901888
8589934592 12884901888
8589934592 12884901888
8589934592 12884901888
8589934592 12884901888
8589934592 12884901888
8589934592 12884901888
8589934592 12884901888
8589934592 12884901888
12884901888 17179869184
12884901888 17179869184
12884901888 17179869184
12884901888 17179869184
12884901888 17179869184
12884901888 17179869184
12884901888 17179869184
12884901888 17179869184
12884901888 17179869184
12884901888 17179869184
12884901888 17179869184
12884901888 17179869184
12884901888 17179869184
12884901888 17179869184
12884901888 17179869184
12884901888 17179869184
12884901888 17179869184
12884901888 17179869184
12884901888 17179869184
12884901888 17179869184
0 30 2 -2 -2
1 8 2 -2 4
1 39 2 -2 -2
2 6 2 -2 4
2 37 2 -2 -2
3 4 2 -2 4
3 35 2 -2 -2
5 0 2 -2 4
5 31 2 -2 -2
6 9 2 -2 4
7 7 2 -2 4
7 38 2 -2 -2
8 5 2 -2 4
8 36 2 -2 -2
9 3 2 -2 4
9 34 2 -2 -2
10 13 1 2
10 46 2 2 -4
11 10 1 2
11 44 2 2 -4
12 18 1 2
12 42 2 2 -4
13 15 1 2
13 40 2 2 -4
14 12 1 2
14 49 2 2 -4
16 17 1 2
16 45 2 2 -4
17 14 1 2
17 43 2 2 -4
18 11 1 2
18 41 2 2 -4
19 19 1 2
20 13 1 2
20 23 1 2
21 10 1 2
21 20 1 2
22 18 1 2
22 28 1 2
23 15 1 2
23 25 1 2
24 12 1 2
24 22 1 2
26 17 1 2
26 27 1 2
27 14 1 2
27 24 1 2
28 11 1 2
28 21 1 2
29 19 1 2
29 29 1 2
30 48 2 6 -4
31 0 2 4 4
31 31 2 4 -2
31 46 2 6 -4
32 9 2 4 4
32 44 2 6 -4
33 7 2 4 4
33 38 2 4 -2
33 42 2 6 -4
34 5 2 4 4
34 36 2 4 -2
34 40 2 6 -4
35 3 2 4 4
35 34 2 4 -2
35 49 2 6 -4
36 1 2 4 4
36 32 2 4 -2
37 30 2 4 -2
37 45 2 6 -4
38 8 2 4 4
38 39 2 4 -2
38 43 2 6 -4
39 6 2 4 4
39 37 2 4 -2
39 41 2 6 -4
40 6 1 6
40 23 1 2
40 43 1 2
41 3 1 6
41 20 1 2
41 40 1 2
42 0 1 6
42 28 1 2
42 48 1 2
43 8 1 6
43 25 1 2
43 45 1 2
44 5 1 6
44 22 1 2
44 42 1 2
45 2 1 6
46 27 1 2
46 47 1 2
47 7 1 6
47 24 1 2
47 44 1 2
48 4 1 6
48 21 1 2
48 41 1 2
49 1 1 6
49 29 1 2
49 49 1 2
