218 573 3
1 2
1 2
1 2
1 2
1 2
1 2
1 2
1 2
1 2
1 2
1 2
1 2
1 2
1 2
1 2
1 2
1 2
1 2
1 2
1 2
1 2
1 2
1 2
1 2
1 2
1 2
1 2
1 2
1 2
1 2
1 2
1 2
1 2
1 2
1 2
1 2
1 2
1 2
1 2
1 2
1 2
1 2
1 2
1 2
1 2
1 2
1 2
1 2
1 2
1 2
1 2
1 2
1 2
1 2
1 2
1 2
1 2
1 2
1 2
1 2
1 2
1 2
1 2
1 2
1 2
1 2
1 2
1 2
1 2
1 2
1 2
1 2
1 2
1 2
2 3
2 3
2 3
2 3
2 3
2 3
2 3
2 3
2 3
2 3
2 3
2 3
2 3
2 3
2 3
2 3
2 3
2 3
2 3
2 3
2 3
2 3
2 3
2 3
2 3
2 3
2 3
2 3
2 3
2 3
2 3
2 3
2 3
2 3
2 3
2 3
2 3
2 3
2 3
2 3
2 3
2 3
2 3
2 3
2 3
2 3
2 3
2 3
2 3
2 3
2 3
2 3
2 3
2 3
2 3
2 3
2 3
2 3
2 3
2 3
2 3
2 3
2 3
2 3
2 3
2 3
2 3
2 3
2 3
2 3
2 3
2 3
2 3
2 3
2 3
2 3
2 3
2 3
2 3
2 3
2 3
2 3
2 3
2 3
2 3
2 3
2 3
2 3
2 3
2 3
2 3
2 3
2 3
2 3
2 3
2 3
2 3
2 3
2 3
2 3
2 3
2 3
2 3
2 3
2 3
2 3
2 3
2 3
2 3
2 3
2 3
2 3
2 3
2 3
2 3
2 3
2 3
2 3
2 3
2 3
2 3
2 3
2 3
2 3
2 3
2 3
2 3
2 3
2 3
2 3
2 3
2 3
2 3
2 3
2 3
2 3
2 3
2 3
2 3
2 3
2 3
2 3
2 3
2 3
0 7 3 2 2 2
0 136 4 2 -2 4 -2
1 153 13 2 2 2 -2 4 -2 2 4 -2 2 2 2 -2
1 192 2 2 -2
2 170 5 2 -2 2 4 -2
2 207 5 2 2 2 2 -2
3 61 2 2 2
3 173 5 2 -2 2 4 -2
4 60 2 2 2
4 135 4 2 -2 4 -2
5 62 2 2 2
5 189 2 2 -2
6 120 3 2 2 -2
6 211 2 2 -2
7 89 9 2 2 2 -2 4 -2 2 4 -2
7 209 2 2 -2
8 121 3 2 2 -2
8 197 3 2 -2 2
9 39 1 2
9 176 4 2 -2 4 -2
9 198 3 2 -2 2
10 42 1 2
10 195 3 2 -2 2
11 82 9 2 2 2 -2 4 -2 2 4 -2
11 174 4 2 -2 4 -2
12 138 4 2 2 2 -2
12 168 4 2 -2 4 -2
13 67 2 2 2
13 100 14 2 -2 4 -2 4 -2 2 4 -2 2 4 -2 4 -2
14 30 1 2
14 185 2 2 -2
15 26 1 2
15 203 3 2 -2 2
16 25 1 2
16 205 3 2 -2 2
17 27 1 2
17 102 10 2 -2 4 -2 2 2 4 -2 4 -2
17 112 11 2 -2 4 -2 2 2 2 -2 2 4 -2
17 204 3 2 -2 2
17 213 11 2 -2 4 -2 2 2 2 4 -2 4 -2
18 31 1 2
18 201 3 2 -2 2
19 49 1 2
19 198 2 2 -2
20 105 9 2 2 2 -2 4 -2 2 4 -2
20 196 2 2 -2
21 44 1 2
21 215 3 2 -2 2
22 43 1 2
22 217 3 2 -2 2
23 46 1 2
23 216 3 2 -2 2
24 50 1 2
24 194 2 2 -2
25 190 7 2 2 2 2 2 2 -2
25 201 5 2 -2 4 -2 2
26 172 6 2 2 2 -2 4 -2
26 187 4 2 -2 4 -2
27 99 13 2 2 2 2 -2 2 4 -2 2 4 -2 4 -2
27 105 5 2 -2 2 4 -2
28 33 3 2 2 2
28 128 2 2 -2
29 12 2 2 2
29 108 5 2 -2 2 4 -2
30 11 2 2 2
30 129 2 2 -2
31 13 2 2 2
31 126 2 2 -2
32 65 1 2
32 95 10 2 -2 2 4 -2 2 4 -2 4 -2
33 64 1 2
33 96 10 2 -2 2 4 -2 2 4 -2 4 -2
34 58 1 2
34 182 5 2 -2 4 -2 2
35 181 4 2 2 2 -2
35 217 4 2 -2 4 -2
36 57 1 2
36 214 4 2 -2 4 -2
37 56 1 2
37 187 5 2 -2 4 -2 2
38 59 1 2
38 167 6 2 -2 4 -2 4 -2
39 52 1 2
39 89 5 2 -2 2 4 -2
40 37 3 2 2 2
40 119 2 2 -2
41 51 1 2
41 92 5 2 -2 2 4 -2
42 53 1 2
42 88 5 2 -2 2 4 -2
43 72 1 2
43 189 4 2 -2 4 -2
44 167 7 2 2 2 -2 2 4 -2
44 193 4 2 -2 4 -2
45 100 5 2 -2 2 4 -2
45 170 7 2 -2 4 -2 2 4 -2
46 3 8 2 -2 2 4 -2 2 2 2
46 69 1 2
46 84 14 2 -2 2 4 -2 2 2 2 -2 4 -2 2 4 -2
46 98 16 2 -2 2 4 -2 2 2 -2 2 4 -2 2 4 -2 4 -2
46 172 7 2 -2 2 4 -2 2 2
47 71 1 2
47 97 5 2 -2 2 4 -2
47 191 4 2 -2 4 -2
48 68 1 2
48 98 5 2 -2 2 4 -2
49 70 1 2
49 82 14 2 -2 2 4 -2 2 2 2 -2 4 -2 2 4 -2
49 173 7 2 -2 4 -2 2 4 -2
50 73 1 2
50 96 5 2 -2 2 4 -2
50 142 6 2 -2 4 -2 4 -2
51 55 3 2 2 2
51 88 7 2 -2 4 -2 2 4 -2
52 124 4 2 -2 4 -2
52 184 7 2 2 2 -2 4 -2 2
53 38 2 2 2
53 123 4 2 -2 4 -2
54 17 1 2
54 165 2 2 -2
55 127 4 2 2 2 -2
55 163 2 2 -2
56 164 2 2 -2
56 183 3 2 2 -2
57 14 1 2
57 159 2 2 -2
58 15 1 2
58 162 2 2 -2
59 18 1 2
59 160 2 2 -2
60 103 7 2 -2 4 -2 2 4 -2
60 118 4 2 2 2 -2
60 211 6 2 -2 4 -2 4 -2
61 8 1 2
61 102 7 2 -2 4 -2 2 4 -2
62 10 1 2
62 213 6 2 -2 4 -2 4 -2
63 4 1 2
63 140 2 2 -2
64 1 1 2
64 139 2 2 -2
65 0 1 2
65 135 2 2 -2
66 2 1 2
66 137 2 2 -2
67 5 1 2
67 136 2 2 -2
68 23 1 2
68 149 2 2 -2
69 45 2 2 2
69 147 2 2 -2
70 20 1 2
70 148 2 2 -2
71 19 1 2
71 143 2 2 -2
72 21 1 2
72 146 2 2 -2
73 24 1 2
73 144 2 2 -2
74 7 3 2 2 2
74 105 12 2 4 -2 4 -2 2 2 4 -2 2 4 -2
74 163 2 2 2
75 88 5 2 4 -2 4 -2
75 153 13 2 2 2 -2 4 -2 2 4 -2 2 2 2 -2
76 94 5 2 4 -2 4 -2
76 161 2 2 2
76 207 5 2 2 2 2 -2
77 6 3 2 2 2
77 105 17 2 2 2 2 4 -2 4 -2 2 2 2 -2 4 -2 2 4 -2
77 120 6 2 2 2 2 2 -2
77 138 5 2 2 2 2 2
78 60 2 2 2
78 92 5 2 4 -2 4 -2
78 160 2 2 2
79 62 2 2 2
79 93 5 2 4 -2 4 -2
79 167 2 2 2
80 45 6 2 4 -2 4 -2 2
80 82 7 2 2 4 -2 2 4 -2
80 89 9 2 2 2 -2 4 -2 2 4 -2
81 83 7 2 2 4 -2 2 4 -2
81 118 3 2 2 -2
82 34 4 2 2 2 2
82 119 6 2 2 2 -2 4 -2
82 124 3 2 2 -2
82 139 2 2 2
83 84 7 2 2 4 -2 2 4 -2
83 117 5 2 4 -2 4 -2
83 121 3 2 2 -2
84 41 1 2
84 51 2 2 2
84 111 5 2 4 -2 4 -2
84 135 2 2 2
85 37 4 2 2 2 2
85 40 1 2
85 80 7 2 2 4 -2 2 4 -2
85 87 3 2 2 2
86 39 1 2
86 52 2 2 2
86 115 5 2 4 -2 4 -2
86 136 2 2 2
87 37 1 2
87 56 2 2 2
87 147 2 2 2
88 131 4 2 2 4 -2
88 184 6 2 2 -2 4 -2 2
89 16 3 2 2 2
89 148 2 2 2
89 161 4 2 2 2 -2
89 216 5 2 2 -2 4 -2
90 35 1 2
90 145 2 2 2
90 181 5 2 2 2 2 -2
91 54 2 2 2
91 143 2 2 2
92 11 6 2 2 2 2 2 2
92 14 3 2 2 2
92 30 4 2 2 2 2
92 36 1 2
92 57 2 2 2
92 129 4 2 2 4 -2
92 154 5 2 2 2 2 2
93 55 2 2 2
93 144 2 2 2
94 18 3 2 2 2
94 38 1 2
94 59 2 2 2
94 110 3 2 2 2
94 187 6 2 2 4 -2 4 -2
95 33 1 2
95 64 2 2 2
95 75 5 2 4 -2 4 -2
95 171 2 2 2
96 99 11 2 2 -2 2 4 -2 2 4 -2 4 -2
96 100 12 2 2 4 -2 2 4 -2 2 4 -2 4 -2
97 63 2 2 2
97 74 5 2 4 -2 4 -2
97 168 2 2 2
98 0 3 2 2 2
98 32 1 2
98 65 2 2 2
98 74 3 2 2 2
98 96 12 2 2 4 -2 2 4 -2 2 4 -2 4 -2
99 77 5 2 4 -2 4 -2
99 138 4 2 2 2 -2
100 67 2 2 2
100 78 5 2 4 -2 4 -2
100 175 2 2 2
101 99 10 2 4 -2 4 -2 2 4 -2 4 -2
101 119 4 2 2 4 -2
102 120 4 2 2 4 -2
102 151 4 2 2 2 -2
103 123 4 2 2 4 -2
103 154 4 2 2 2 -2
104 127 3 2 2 -2
104 134 4 2 2 4 -2
105 66 5 2 2 2 2 2
105 130 3 2 2 -2
105 155 2 2 2
106 26 1 2
106 153 2 2 2
106 172 7 2 2 2 2 -2 4 -2
107 12 3 2 2 2
107 29 1 2
107 151 2 2 2
108 28 1 2
108 33 4 2 2 2 2
108 95 3 2 2 2
108 105 16 2 2 4 -2 2 4 -2 2 2 2 -2 4 -2 2 4 -2
108 212 7 2 2 4 -2 4 -2 2
109 27 1 2
109 99 14 2 2 2 2 2 -2 2 4 -2 2 4 -2 4 -2
109 152 2 2 2
110 13 3 2 2 2
110 31 1 2
110 158 2 2 2
111 49 1 2
111 70 2 2 2
111 177 2 2 2
112 22 3 2 2 2
112 99 6 2 2 -2 2 4 -2
112 136 7 2 2 -2 4 -2 4 -2
112 145 4 2 2 2 -2
112 178 2 2 2
113 44 1 2
113 167 8 2 2 2 2 -2 2 4 -2
114 48 1 2
114 68 2 2 2
114 176 2 2 2
115 19 3 2 2 2
115 47 1 2
115 71 2 2 2
115 111 3 2 2 2
116 45 4 2 2 2 2
116 46 1 2
116 69 2 2 2
117 50 1 2
117 73 2 2 2
117 180 2 2 2
118 94 3 2 4 -2
118 146 5 4 -2 2 4 -2
118 173 7 4 -2 2 2 2 4 -2
119 91 3 2 4 -2
119 142 6 4 -2 2 2 4 -2
119 148 5 4 -2 2 4 -2
120 105 10 2 4 -2 2 2 4 -2 2 4 -2
120 149 5 4 -2 2 4 -2
120 192 4 4 -2 2 2
121 150 5 4 -2 2 4 -2
121 189 4 4 -2 2 2
122 145 5 4 -2 2 4 -2
122 190 4 4 -2 2 2
123 138 6 4 -2 2 2 4 -2
123 147 5 4 -2 2 4 -2
123 171 7 4 -2 2 2 2 4 -2
124 93 3 2 4 -2
124 137 6 4 -2 2 2 4 -2
125 90 3 2 4 -2
125 131 7 4 -2 2 4 -2 4 -2
125 191 4 4 -2 2 2
126 104 3 2 4 -2
126 186 2 4 -2
127 110 3 2 4 -2
127 203 3 4 -2 2
128 107 3 2 4 -2
128 182 2 4 -2
129 112 10 2 4 -2 2 2 4 -2 2 4 -2
129 205 3 4 -2 2
130 109 3 2 4 -2
130 185 2 4 -2
131 106 3 2 4 -2
131 183 2 4 -2
132 45 4 2 4 -2 2
132 158 4 4 -2 4 -2
133 114 3 2 4 -2
133 201 2 4 -2
134 113 3 2 4 -2
134 202 2 4 -2
135 55 3 2 2 2
135 93 1 2
136 88 1 2
136 184 7 2 2 2 -2 4 -2 2
137 36 2 2 2
137 85 5 4 -2 2 4 -2
137 92 1 2
138 86 5 4 -2 2 4 -2
138 105 8 2 2 2 4 -2 2 4 -2
139 34 2 2 2
139 58 3 2 2 2
139 150 3 2 2 2
140 54 3 2 2 2
140 81 5 4 -2 2 4 -2
140 91 1 2
141 35 2 2 2
141 90 1 2
142 38 2 2 2
142 94 1 2
143 17 1 2
143 109 1 2
144 104 1 2
144 127 4 2 2 2 -2
144 188 4 4 -2 4 -2
145 128 2 4 -2
145 181 3 2 2 -2
146 28 2 2 2
146 108 1 2
146 108 5 4 -2 2 4 -2
146 187 3 2 2 -2
147 112 8 2 2 2 4 -2 2 4 -2
147 130 2 4 -2
147 183 3 2 2 -2
148 16 1 2
148 25 2 2 2
148 157 3 2 2 2
148 190 9 2 2 2 2 2 2 2 2 -2
149 29 2 2 2
149 107 1 2
149 126 2 4 -2
149 182 3 2 2 -2
150 15 1 2
150 106 1 2
150 201 5 4 -2 4 -2 2
151 12 1 2
151 99 1 2
152 96 1 2
152 99 12 2 2 2 -2 2 4 -2 2 4 -2 4 -2
152 206 4 4 -2 4 -2
153 76 6 2 2 4 -2 4 -2
153 133 2 4 -2
153 172 5 2 2 -2 4 -2
154 11 1 2
154 82 10 2 2 2 2 -2 4 -2 2 4 -2
154 116 5 4 -2 2 4 -2
154 204 4 4 -2 4 -2
155 66 3 2 2 2
155 174 3 2 2 2
156 63 3 2 2 2
156 97 1 2
156 132 2 4 -2
156 169 5 2 2 -2 4 -2
157 79 6 2 2 4 -2 4 -2
157 169 3 2 2 2
157 190 6 2 2 2 2 2 -2
157 200 4 4 -2 4 -2
158 13 1 2
158 100 1 2
158 205 4 4 -2 4 -2
159 9 1 2
159 86 1 2
160 81 1 2
160 118 4 2 2 2 -2
161 113 6 2 2 4 -2 4 -2
161 207 3 2 2 -2
162 40 2 2 2
162 85 1 2
162 212 3 2 2 -2
163 7 1 2
163 80 1 2
164 35 5 2 2 2 2 2
164 92 10 2 2 2 2 -2 4 -2 2 4 -2
164 122 4 2 2 2 -2
164 141 3 2 2 2
164 199 4 2 2 -2 2
165 41 2 2 2
165 84 1 2
165 208 3 2 2 -2
166 8 1 2
166 83 1 2
167 10 1 2
167 42 2 2 2
167 53 3 2 2 2
167 116 6 2 2 4 -2 4 -2
167 142 3 2 2 2
168 4 1 2
168 78 1 2
169 90 6 2 2 4 -2 4 -2
169 95 10 4 -2 2 4 -2 2 4 -2 4 -2
169 190 3 2 2 -2
170 6 4 2 2 2 2
170 77 1 2
170 193 3 2 2 -2
171 1 1 2
171 75 1 2
171 98 10 4 -2 2 4 -2 2 4 -2 4 -2
172 3 1 2
172 61 3 2 2 2
172 166 3 2 2 2
173 9 4 2 2 2 2
173 87 6 2 2 4 -2 4 -2
173 125 14 2 2 2 2 -2 4 -2 2 4 -2 2 2 4 -2
173 159 3 2 2 2
173 180 11 2 2 2 2 -2 4 -2 4 -2 4 -2
173 191 3 2 2 -2
174 2 1 2
174 76 1 2
175 5 1 2
175 79 1 2
176 23 1 2
176 116 1 2
177 20 1 2
177 105 10 2 2 2 2 -2 4 -2 2 4 -2
178 22 1 2
178 43 2 2 2
178 72 3 2 2 2
178 179 3 2 2 2
179 21 1 2
179 113 1 2
180 24 1 2
180 117 1 2
181 158 3 2 4 -2
181 195 10 4 -2 2 2 2 4 -2 4 -2 2
181 200 8 4 -2 2 2 2 -2 4 -2
182 101 8 4 -2 2 2 4 -2 4 -2
182 155 3 2 4 -2
182 180 4 2 2 4 -2
183 82 29 4 -2 2 2 2 4 -2 2 4 -2 2 4 -2 4 -2 2 4 -2 4 -2 2 2 2 -2 4 -2 2 4 -2
183 98 18 4 -2 2 2 4 -2 4 -2 2 4 -2 4 -2 2 4 -2 4 -2
183 121 12 4 -2 2 2 4 -2 4 -2 2 2 4 -2
183 152 12 4 -2 2 2 4 -2 4 -2 2 2 2 -2
183 156 14 4 -2 2 2 2 4 -2 2 4 -2 2 2 2 -2
183 200 1 2
183 205 8 4 -2 2 2 2 -2 4 -2
183 208 9 4 -2 2 2 2 4 -2 4 -2
184 89 17 4 -2 2 2 2 4 -2 2 4 -2 2 2 4 -2 2 4 -2
184 112 19 4 -2 2 2 2 4 -2 2 4 -2 2 2 2 -2 4 -2 2 4 -2
184 133 6 4 -2 2 2 2 -2
184 199 10 4 -2 2 2 2 4 -2 4 -2 2
184 212 2 2 2
185 101 10 4 -2 2 2 2 4 -2 2 4 -2
185 117 9 4 -2 2 2 2 -2 2 4 -2
185 209 9 4 -2 2 2 2 4 -2 4 -2
185 210 2 2 2
185 210 9 4 -2 2 2 2 -2 4 -2 2
186 103 8 4 -2 2 2 4 -2 4 -2
186 132 6 4 -2 2 2 2 -2
186 212 9 4 -2 2 2 2 4 -2 4 -2
187 96 18 4 -2 2 2 4 -2 4 -2 2 4 -2 4 -2 2 4 -2 4 -2
187 115 9 4 -2 2 2 2 -2 2 4 -2
187 124 12 4 -2 2 2 4 -2 4 -2 2 2 4 -2
187 155 12 4 -2 2 2 4 -2 4 -2 2 2 2 -2
187 202 1 2
188 125 12 4 -2 2 2 4 -2 4 -2 2 2 4 -2
188 153 14 4 -2 2 2 2 4 -2 2 4 -2 2 2 2 -2
188 206 1 2
189 83 7 4 -2 4 -2 2 4 -2
189 169 3 2 4 -2
190 139 2 4 -2
190 175 3 2 4 -2
191 84 7 4 -2 4 -2 2 4 -2
191 172 3 2 4 -2
192 100 13 2 4 -2 4 -2 2 4 -2 2 4 -2 4 -2
192 141 2 4 -2
193 140 2 4 -2
193 174 3 2 4 -2
194 125 4 4 -2 4 -2
194 214 1 2
195 119 4 4 -2 4 -2
195 164 3 2 4 -2
195 186 2 2 2
196 122 4 4 -2 4 -2
196 182 2 2 2
197 92 7 4 -2 4 -2 2 4 -2
197 187 2 2 2
198 123 4 4 -2 4 -2
198 184 2 2 2
199 88 7 4 -2 4 -2 2 4 -2
199 166 3 2 4 -2
199 201 3 2 2 2
200 134 4 4 -2 4 -2
200 208 1 2
201 153 2 4 -2
201 207 1 2
202 157 2 4 -2
202 195 2 2 2
203 32 4 4 -2 2 2
203 98 3 4 -2 2
203 115 7 4 -2 4 -2 2 4 -2
203 173 7 4 -2 2 2 -2 4 -2
203 199 2 2 2
204 152 2 4 -2
204 197 2 2 2
205 156 2 4 -2
205 209 1 2
206 154 2 4 -2
206 213 1 2
207 121 5 2 4 -2 4 -2
207 178 2 4 -2
208 167 4 2 2 4 -2
208 167 8 4 -2 2 2 -2 2 4 -2
209 179 2 4 -2
209 194 1 2
210 47 4 4 -2 2 2
210 115 3 4 -2 2
210 199 5 4 -2 2 2 -2
210 217 2 2 2
211 45 4 4 -2 2 2
211 215 2 2 2
212 48 4 4 -2 2 2
212 114 3 4 -2 2
212 195 5 4 -2 2 2 -2
212 196 1 2
213 124 5 2 4 -2 4 -2
213 163 4 2 2 4 -2
213 177 2 4 -2
213 188 3 2 2 2
214 161 2 4 -2
214 181 1 2
215 162 2 4 -2
215 205 2 2 2
216 160 2 4 -2
216 203 2 2 2
217 165 2 4 -2
217 183 1 2
