38 93 3
1 2
1 2
1 2
1 2
1 2
1 2
1 2
1 2
1 2
1 2
1 2
1 2
1 2
1 2
1 2
2 3
2 3
2 3
2 3
2 3
2 3
2 3
2 3
2 3
2 3
2 3
2 3
2 3
2 3
2 3
2 3
2 3
2 3
2 3
2 3
2 3
2 3
2 3
0 12 2 2 2
0 33 2 2 -2
1 8 1 2
1 36 2 2 -2
2 6 1 2
2 30 4 2 -2 4 -2
3 5 1 2
3 32 2 2 -2
4 9 1 2
4 34 2 2 -2
5 2 2 2 2
5 23 2 2 -2
6 13 1 2
6 18 10 2 -2 2 4 -2 2 4 -2 4 -2
7 11 1 2
7 37 4 2 -2 4 -2
8 10 1 2
8 22 2 2 -2
9 14 1 2
9 18 5 2 -2 2 4 -2
9 33 4 2 -2 4 -2
10 7 2 2 2
10 22 4 2 -2 4 -2
11 3 1 2
11 29 2 2 -2
12 1 1 2
12 25 4 2 -2 4 -2
13 0 1 2
13 26 2 2 -2
14 4 1 2
14 27 2 2 -2
15 12 2 2 2
15 17 5 2 4 -2 4 -2
15 29 2 2 2
16 8 1 2
16 10 2 2 2
16 21 5 2 4 -2 4 -2
16 26 2 2 2
17 7 1 2
17 11 2 2 2
17 27 2 2 2
18 6 1 2
18 13 2 2 2
18 15 5 2 4 -2 4 -2
18 30 2 2 2
19 18 10 2 4 -2 4 -2 2 4 -2 4 -2
19 22 4 2 2 4 -2
19 28 4 2 2 2 -2
20 2 3 2 2 2
20 5 1 2
20 28 2 2 2
21 9 1 2
21 14 2 2 2
21 31 2 2 2
22 17 3 2 4 -2
22 27 5 4 -2 2 4 -2
22 33 4 4 -2 2 2
23 20 3 2 4 -2
23 32 2 4 -2
24 21 3 2 4 -2
24 35 2 4 -2
25 19 3 2 4 -2
25 36 2 4 -2
26 7 2 2 2
26 16 5 4 -2 2 4 -2
26 17 1 2
27 3 1 2
27 20 1 2
27 23 2 4 -2
28 2 1 2
28 18 1 2
28 24 2 4 -2
29 1 1 2
29 16 1 2
30 0 1 2
30 15 1 2
30 18 10 4 -2 2 4 -2 2 4 -2 4 -2
31 4 1 2
31 21 1 2
32 19 8 4 -2 2 2 4 -2 4 -2
32 24 6 4 -2 2 2 2 -2
32 25 7 4 -2 2 2 2 4 -2
32 35 1 2
33 26 2 4 -2
33 30 3 2 4 -2
34 22 4 4 -2 4 -2
34 37 1 2
35 28 2 4 -2
35 36 1 2
36 31 2 4 -2
36 34 1 2
37 29 2 4 -2
37 32 1 2
