70 141 3
1 2
1 2
1 2
1 2
1 2
1 2
1 2
1 2
1 2
1 2
1 2
1 2
1 2
1 2
1 2
1 2
1 2
1 2
1 2
1 2
1 2
1 2
1 2
1 2
1 2
1 2
1 2
1 2
1 2
1 2
2 3
2 3
2 3
2 3
2 3
2 3
2 3
2 3
2 3
2 3
2 3
2 3
2 3
2 3
2 3
2 3
2 3
2 3
2 3
2 3
2 3
2 3
2 3
2 3
2 3
2 3
2 3
2 3
2 3
2 3
2 3
2 3
2 3
2 3
2 3
2 3
2 3
2 3
2 3
2 3
0 15 1 2
0 61 2 2 -2
1 13 1 2
1 65 2 2 -2
2 11 1 2
2 69 2 2 -2
4 18 1 2
4 66 2 2 -2
5 16 1 2
6 14 1 2
6 63 2 2 -2
7 12 1 2
7 67 2 2 -2
8 10 1 2
8 60 2 2 -2
9 19 1 2
9 64 2 2 -2
10 25 1 2
10 41 2 2 -2
11 23 1 2
11 45 2 2 -2
12 21 1 2
12 49 2 2 -2
14 28 1 2
14 46 2 2 -2
15 26 1 2
16 24 1 2
16 43 2 2 -2
17 22 1 2
17 47 2 2 -2
18 20 1 2
18 40 2 2 -2
19 29 1 2
19 44 2 2 -2
20 5 1 2
20 51 2 2 -2
21 3 1 2
21 55 2 2 -2
22 1 1 2
22 59 2 2 -2
24 8 1 2
24 56 2 2 -2
25 6 1 2
26 4 1 2
26 53 2 2 -2
27 2 1 2
27 57 2 2 -2
28 0 1 2
28 50 2 2 -2
29 9 1 2
29 54 2 2 -2
30 15 1 2
30 26 2 2 2
30 35 5 2 4 -2 4 -2
30 56 2 2 2
31 13 1 2
31 36 5 2 4 -2 4 -2
32 11 1 2
32 23 2 2 2
32 37 5 2 4 -2 4 -2
32 53 2 2 2
34 18 1 2
34 20 2 2 2
34 39 5 2 4 -2 4 -2
34 50 2 2 2
35 16 1 2
35 24 2 2 2
35 54 2 2 2
36 14 1 2
36 28 2 2 2
36 30 5 2 4 -2 4 -2
36 58 2 2 2
37 12 1 2
37 21 2 2 2
37 31 5 2 4 -2 4 -2
37 51 2 2 2
38 10 1 2
38 25 2 2 2
38 55 2 2 2
39 19 1 2
39 29 2 2 2
39 59 2 2 2
40 35 3 2 4 -2
40 67 2 4 -2
41 38 3 2 4 -2
41 60 2 4 -2
42 30 3 2 4 -2
42 64 2 4 -2
43 68 2 4 -2
44 36 3 2 4 -2
44 61 2 4 -2
45 39 3 2 4 -2
45 65 2 4 -2
46 31 3 2 4 -2
46 69 2 4 -2
47 34 3 2 4 -2
48 37 3 2 4 -2
48 66 2 4 -2
50 5 1 2
50 35 1 2
50 47 2 4 -2
51 3 1 2
51 33 1 2
51 40 2 4 -2
52 1 1 2
52 31 1 2
52 44 2 4 -2
53 48 2 4 -2
54 8 1 2
54 38 1 2
54 41 2 4 -2
55 6 1 2
55 36 1 2
55 45 2 4 -2
56 4 1 2
56 34 1 2
56 49 2 4 -2
57 2 1 2
57 32 1 2
58 0 1 2
58 30 1 2
58 46 2 4 -2
59 9 1 2
59 39 1 2
60 57 2 4 -2
60 65 1 2
61 50 2 4 -2
61 63 1 2
62 54 2 4 -2
62 61 1 2
63 58 2 4 -2
64 51 2 4 -2
64 68 1 2
65 55 2 4 -2
65 66 1 2
66 59 2 4 -2
66 64 1 2
67 62 1 2
68 56 2 4 -2
68 60 1 2
69 69 1 2
