456 903 3
1 2
1 2
1 2
1 2
1 2
1 2
1 2
1 2
1 2
1 2
1 2
1 2
1 2
1 2
1 2
1 2
1 2
1 2
1 2
1 2
1 2
1 2
1 2
1 2
1 2
1 2
1 2
1 2
1 2
1 2
1 2
1 2
1 2
1 2
1 2
1 2
1 2
1 2
1 2
1 2
1 2
1 2
1 2
1 2
1 2
1 2
1 2
1 2
1 2
1 2
1 2
1 2
1 2
1 2
1 2
1 2
1 2
1 2
1 2
1 2
1 2
1 2
1 2
1 2
1 2
1 2
1 2
1 2
1 2
1 2
1 2
1 2
1 2
1 2
1 2
1 2
1 2
1 2
1 2
1 2
1 2
1 2
1 2
1 2
1 2
1 2
1 2
1 2
1 2
1 2
1 2
1 2
1 2
1 2
1 2
1 2
1 2
1 2
1 2
1 2
1 2
1 2
1 2
1 2
1 2
1 2
1 2
1 2
1 2
1 2
1 2
1 2
1 2
1 2
1 2
1 2
1 2
1 2
1 2
1 2
1 2
1 2
1 2
1 2
1 2
1 2
1 2
1 2
1 2
1 2
1 2
1 2
1 2
1 2
1 2
1 2
1 2
1 2
1 2
1 2
1 2
1 2
1 2
1 2
1 2
1 2
1 2
1 2
1 2
1 2
1 2
1 2
1 2
1 2
1 2
1 2
1 2
1 2
1 2
1 2
1 2
1 2
1 2
1 2
1 2
1 2
1 2
1 2
1 2
1 2
1 2
1 2
1 2
1 2
1 2
1 2
1 2
1 2
1 2
1 2
2 3
2 3
2 3
2 3
2 3
2 3
2 3
2 3
2 3
2 3
2 3
2 3
2 3
2 3
2 3
2 3
2 3
2 3
2 3
2 3
2 3
2 3
2 3
2 3
2 3
2 3
2 3
2 3
2 3
2 3
2 3
2 3
2 3
2 3
2 3
2 3
2 3
2 3
2 3
2 3
2 3
2 3
2 3
2 3
2 3
2 3
2 3
2 3
2 3
2 3
2 3
2 3
2 3
2 3
2 3
2 3
2 3
2 3
2 3
2 3
2 3
2 3
2 3
2 3
2 3
2 3
2 3
2 3
2 3
2 3
2 3
2 3
2 3
2 3
2 3
2 3
2 3
2 3
2 3
2 3
2 3
2 3
2 3
2 3
2 3
2 3
2 3
2 3
2 3
2 3
2 3
2 3
2 3
2 3
2 3
2 3
2 3
2 3
2 3
2 3
2 3
2 3
2 3
2 3
2 3
2 3
2 3
2 3
2 3
2 3
2 3
2 3
2 3
2 3
2 3
2 3
2 3
2 3
2 3
2 3
2 3
2 3
2 3
2 3
2 3
2 3
2 3
2 3
2 3
2 3
2 3
2 3
2 3
2 3
2 3
2 3
2 3
2 3
2 3
2 3
2 3
2 3
2 3
2 3
2 3
2 3
2 3
2 3
2 3
2 3
2 3
2 3
2 3
2 3
2 3
2 3
2 3
2 3
2 3
2 3
2 3
2 3
2 3
2 3
2 3
2 3
2 3
2 3
2 3
2 3
2 3
2 3
2 3
2 3
2 3
2 3
2 3
2 3
2 3
2 3
2 3
2 3
2 3
2 3
2 3
2 3
2 3
2 3
2 3
2 3
2 3
2 3
2 3
2 3
2 3
2 3
2 3
2 3
2 3
2 3
2 3
2 3
2 3
2 3
2 3
2 3
2 3
2 3
2 3
2 3
2 3
2 3
2 3
2 3
2 3
2 3
2 3
2 3
2 3
2 3
2 3
2 3
2 3
2 3
2 3
2 3
2 3
2 3
2 3
2 3
2 3
2 3
2 3
2 3
2 3
2 3
2 3
2 3
2 3
2 3
2 3
2 3
2 3
2 3
2 3
2 3
2 3
2 3
2 3
2 3
2 3
2 3
2 3
2 3
2 3
2 3
2 3
2 3
2 3
2 3
2 3
2 3
2 3
2 3
2 3
2 3
2 3
2 3
2 3
2 3
2 3
2 3
2 3
2 3
2 3
2 3
0 149 2 2 2
0 404 2 2 -2
1 146 2 2 2
1 401 2 2 -2
2 398 2 2 -2
3 153 2 2 2
4 150 2 2 2
4 405 2 2 -2
5 147 2 2 2
5 402 2 2 -2
6 144 2 2 2
6 399 2 2 -2
7 154 2 2 2
7 396 2 2 -2
8 151 2 2 2
8 406 2 2 -2
10 145 2 2 2
10 400 2 2 -2
11 155 2 2 2
11 397 2 2 -2
12 106 1 2
12 440 2 2 -2
13 99 1 2
13 437 2 2 -2
14 105 1 2
14 434 2 2 -2
15 98 1 2
16 104 1 2
16 441 2 2 -2
17 97 1 2
17 438 2 2 -2
18 103 1 2
18 435 2 2 -2
19 96 1 2
19 432 2 2 -2
20 102 1 2
20 442 2 2 -2
22 101 1 2
22 436 2 2 -2
23 107 1 2
23 433 2 2 -2
24 82 1 2
24 361 4 2 -2 4 -2
25 75 1 2
25 370 4 2 -2 4 -2
26 81 1 2
26 366 4 2 -2 4 -2
27 74 1 2
28 80 1 2
28 371 4 2 -2 4 -2
29 73 1 2
30 79 1 2
30 363 4 2 -2 4 -2
31 72 1 2
32 78 1 2
32 368 4 2 -2 4 -2
34 77 1 2
34 360 4 2 -2 4 -2
35 83 1 2
35 369 4 2 -2 4 -2
36 70 1 2
36 392 2 2 -2
37 63 1 2
37 389 2 2 -2
38 69 1 2
38 386 2 2 -2
39 62 1 2
40 68 1 2
40 393 2 2 -2
41 61 1 2
41 390 2 2 -2
42 67 1 2
42 387 2 2 -2
43 60 1 2
43 384 2 2 -2
44 66 1 2
44 394 2 2 -2
46 65 1 2
46 388 2 2 -2
47 71 1 2
47 385 2 2 -2
48 118 1 2
48 416 2 2 -2
49 111 1 2
49 413 2 2 -2
50 117 1 2
50 410 2 2 -2
51 110 1 2
52 116 1 2
52 417 2 2 -2
53 109 1 2
53 414 2 2 -2
54 115 1 2
54 411 2 2 -2
55 108 1 2
55 408 2 2 -2
56 114 1 2
56 418 2 2 -2
58 113 1 2
58 412 2 2 -2
59 119 1 2
59 409 2 2 -2
60 29 2 2 2
60 284 2 2 -2
61 26 2 2 2
61 281 2 2 -2
62 278 2 2 -2
63 33 2 2 2
64 30 2 2 2
64 285 2 2 -2
65 27 2 2 2
65 282 2 2 -2
66 24 2 2 2
66 279 2 2 -2
67 34 2 2 2
67 276 2 2 -2
68 31 2 2 2
68 286 2 2 -2
70 25 2 2 2
70 280 2 2 -2
71 35 2 2 2
71 277 2 2 -2
72 166 1 2
73 159 1 2
74 165 1 2
74 226 10 2 -2 2 4 -2 2 4 -2 4 -2
75 158 1 2
76 164 1 2
77 157 1 2
77 225 10 2 -2 2 4 -2 2 4 -2 4 -2
78 163 1 2
78 216 10 2 -2 2 4 -2 2 4 -2 4 -2
79 156 1 2
80 162 1 2
80 224 10 2 -2 2 4 -2 2 4 -2 4 -2
82 161 1 2
82 219 10 2 -2 2 4 -2 2 4 -2 4 -2
83 167 1 2
84 142 1 2
84 445 4 2 -2 4 -2
85 135 1 2
85 454 4 2 -2 4 -2
86 141 1 2
86 450 4 2 -2 4 -2
87 134 1 2
88 140 1 2
88 455 4 2 -2 4 -2
89 133 1 2
90 139 1 2
90 447 4 2 -2 4 -2
91 132 1 2
92 138 1 2
92 452 4 2 -2 4 -2
94 137 1 2
94 444 4 2 -2 4 -2
95 143 1 2
95 453 4 2 -2 4 -2
96 130 1 2
96 272 2 2 -2
97 123 1 2
97 269 2 2 -2
98 129 1 2
98 266 2 2 -2
99 122 1 2
100 128 1 2
100 273 2 2 -2
101 121 1 2
101 270 2 2 -2
102 127 1 2
102 267 2 2 -2
103 120 1 2
103 264 2 2 -2
104 126 1 2
104 274 2 2 -2
106 125 1 2
106 268 2 2 -2
107 131 1 2
107 265 2 2 -2
108 178 1 2
108 397 4 2 -2 4 -2
109 171 1 2
109 225 5 2 -2 2 4 -2
109 406 4 2 -2 4 -2
110 177 1 2
110 227 5 2 -2 2 4 -2
110 402 4 2 -2 4 -2
111 170 1 2
112 176 1 2
112 407 4 2 -2 4 -2
113 169 1 2
113 220 5 2 -2 2 4 -2
114 175 1 2
114 222 5 2 -2 2 4 -2
114 399 4 2 -2 4 -2
115 168 1 2
115 224 5 2 -2 2 4 -2
116 174 1 2
116 226 5 2 -2 2 4 -2
116 404 4 2 -2 4 -2
118 173 1 2
118 217 5 2 -2 2 4 -2
118 396 4 2 -2 4 -2
119 179 1 2
119 219 5 2 -2 2 4 -2
119 405 4 2 -2 4 -2
120 89 2 2 2
120 265 4 2 -2 4 -2
121 86 2 2 2
121 274 4 2 -2 4 -2
122 270 4 2 -2 4 -2
123 93 2 2 2
124 90 2 2 2
124 275 4 2 -2 4 -2
125 87 2 2 2
126 84 2 2 2
126 267 4 2 -2 4 -2
127 94 2 2 2
128 91 2 2 2
128 272 4 2 -2 4 -2
130 85 2 2 2
130 264 4 2 -2 4 -2
131 95 2 2 2
131 273 4 2 -2 4 -2
132 46 1 2
132 356 2 2 -2
133 39 1 2
133 353 2 2 -2
134 45 1 2
134 350 2 2 -2
135 38 1 2
136 44 1 2
136 357 2 2 -2
137 37 1 2
137 354 2 2 -2
138 43 1 2
138 351 2 2 -2
139 36 1 2
139 348 2 2 -2
140 42 1 2
140 358 2 2 -2
142 41 1 2
142 352 2 2 -2
143 47 1 2
143 349 2 2 -2
144 22 1 2
144 301 4 2 -2 4 -2
145 15 1 2
145 310 4 2 -2 4 -2
146 21 1 2
146 306 4 2 -2 4 -2
147 14 1 2
148 20 1 2
148 311 4 2 -2 4 -2
149 13 1 2
150 19 1 2
150 303 4 2 -2 4 -2
151 12 1 2
152 18 1 2
152 308 4 2 -2 4 -2
154 17 1 2
154 300 4 2 -2 4 -2
155 23 1 2
155 309 4 2 -2 4 -2
156 10 1 2
156 320 2 2 -2
157 3 1 2
157 317 2 2 -2
158 9 1 2
158 314 2 2 -2
159 2 1 2
160 8 1 2
160 321 2 2 -2
161 1 1 2
161 318 2 2 -2
162 7 1 2
162 315 2 2 -2
163 0 1 2
163 312 2 2 -2
164 6 1 2
164 322 2 2 -2
166 5 1 2
166 316 2 2 -2
167 11 1 2
167 313 2 2 -2
168 58 1 2
168 332 2 2 -2
169 51 1 2
169 329 2 2 -2
170 57 1 2
170 326 2 2 -2
171 50 1 2
172 56 1 2
172 333 2 2 -2
173 49 1 2
173 330 2 2 -2
174 55 1 2
174 327 2 2 -2
175 48 1 2
175 324 2 2 -2
176 54 1 2
176 334 2 2 -2
178 53 1 2
178 328 2 2 -2
179 59 1 2
179 325 2 2 -2
180 149 2 2 2
180 205 5 2 4 -2 4 -2
180 353 2 2 2
181 146 2 2 2
181 207 5 2 4 -2 4 -2
181 350 2 2 2
182 209 5 2 4 -2 4 -2
183 153 2 2 2
183 357 2 2 2
184 150 2 2 2
184 213 5 2 4 -2 4 -2
184 354 2 2 2
185 147 2 2 2
185 215 5 2 4 -2 4 -2
185 351 2 2 2
186 144 2 2 2
186 204 5 2 4 -2 4 -2
186 348 2 2 2
187 154 2 2 2
187 358 2 2 2
188 151 2 2 2
188 355 2 2 2
190 145 2 2 2
190 212 5 2 4 -2 4 -2
190 349 2 2 2
191 155 2 2 2
191 214 5 2 4 -2 4 -2
191 359 2 2 2
192 106 1 2
192 125 2 2 2
192 253 5 2 4 -2 4 -2
192 317 2 2 2
193 99 1 2
193 122 2 2 2
193 255 5 2 4 -2 4 -2
193 314 2 2 2
194 105 1 2
194 257 5 2 4 -2 4 -2
195 98 1 2
195 129 2 2 2
195 321 2 2 2
196 104 1 2
196 126 2 2 2
196 261 5 2 4 -2 4 -2
196 318 2 2 2
197 97 1 2
197 123 2 2 2
197 263 5 2 4 -2 4 -2
197 315 2 2 2
198 103 1 2
198 120 2 2 2
198 252 5 2 4 -2 4 -2
198 312 2 2 2
199 96 1 2
199 130 2 2 2
199 322 2 2 2
200 102 1 2
200 127 2 2 2
200 319 2 2 2
202 101 1 2
202 121 2 2 2
202 260 5 2 4 -2 4 -2
202 313 2 2 2
203 107 1 2
203 131 2 2 2
203 262 5 2 4 -2 4 -2
203 323 2 2 2
204 94 1 2
204 137 2 2 2
204 329 2 2 2
205 87 1 2
205 134 2 2 2
205 326 2 2 2
206 93 1 2
207 86 1 2
207 141 2 2 2
207 333 2 2 2
208 92 1 2
208 138 2 2 2
208 330 2 2 2
209 85 1 2
209 135 2 2 2
209 327 2 2 2
210 91 1 2
210 132 2 2 2
210 324 2 2 2
211 84 1 2
211 142 2 2 2
211 334 2 2 2
212 90 1 2
212 139 2 2 2
212 331 2 2 2
214 89 1 2
214 133 2 2 2
214 325 2 2 2
215 95 1 2
215 143 2 2 2
215 335 2 2 2
216 82 1 2
216 161 2 2 2
216 181 5 2 4 -2 4 -2
216 365 2 2 2
217 75 1 2
217 158 2 2 2
217 183 5 2 4 -2 4 -2
217 362 2 2 2
218 81 1 2
218 185 5 2 4 -2 4 -2
219 74 1 2
219 165 2 2 2
219 369 2 2 2
220 80 1 2
220 162 2 2 2
220 189 5 2 4 -2 4 -2
220 366 2 2 2
221 73 1 2
221 159 2 2 2
221 191 5 2 4 -2 4 -2
221 363 2 2 2
222 79 1 2
222 156 2 2 2
222 180 5 2 4 -2 4 -2
222 360 2 2 2
223 72 1 2
223 166 2 2 2
223 370 2 2 2
224 78 1 2
224 163 2 2 2
224 367 2 2 2
226 77 1 2
226 157 2 2 2
226 188 5 2 4 -2 4 -2
226 361 2 2 2
227 83 1 2
227 167 2 2 2
227 190 5 2 4 -2 4 -2
227 371 2 2 2
228 219 10 2 4 -2 4 -2 2 4 -2 4 -2
228 274 4 2 2 4 -2
228 342 4 2 2 2 -2
229 270 4 2 2 4 -2
229 338 4 2 2 2 -2
230 227 10 2 4 -2 4 -2 2 4 -2 4 -2
231 275 4 2 2 4 -2
232 339 4 2 2 2 -2
233 226 10 2 4 -2 4 -2 2 4 -2 4 -2
233 267 4 2 2 4 -2
234 217 10 2 4 -2 4 -2 2 4 -2 4 -2
234 344 4 2 2 2 -2
235 272 4 2 2 4 -2
235 340 4 2 2 2 -2
236 268 4 2 2 4 -2
236 336 4 2 2 2 -2
238 273 4 2 2 4 -2
238 341 4 2 2 2 -2
239 224 10 2 4 -2 4 -2 2 4 -2 4 -2
239 269 4 2 2 4 -2
239 337 4 2 2 2 -2
240 25 3 2 2 2
240 70 1 2
240 341 2 2 2
241 33 3 2 2 2
241 63 1 2
241 338 2 2 2
242 69 1 2
243 62 1 2
243 345 2 2 2
244 31 3 2 2 2
244 68 1 2
244 342 2 2 2
245 26 3 2 2 2
245 61 1 2
245 339 2 2 2
246 34 3 2 2 2
246 67 1 2
246 336 2 2 2
247 29 3 2 2 2
247 60 1 2
247 346 2 2 2
248 24 3 2 2 2
248 66 1 2
248 343 2 2 2
250 27 3 2 2 2
250 65 1 2
250 337 2 2 2
251 35 3 2 2 2
251 71 1 2
251 347 2 2 2
252 118 1 2
252 173 2 2 2
252 377 2 2 2
253 111 1 2
253 170 2 2 2
253 374 2 2 2
254 117 1 2
255 110 1 2
255 177 2 2 2
255 381 2 2 2
256 116 1 2
256 174 2 2 2
256 378 2 2 2
257 109 1 2
257 171 2 2 2
257 375 2 2 2
258 115 1 2
258 168 2 2 2
258 372 2 2 2
259 108 1 2
259 178 2 2 2
259 382 2 2 2
260 114 1 2
260 175 2 2 2
260 379 2 2 2
262 113 1 2
262 169 2 2 2
262 373 2 2 2
263 119 1 2
263 179 2 2 2
263 383 2 2 2
264 212 3 2 4 -2
265 207 3 2 4 -2
266 215 3 2 4 -2
266 328 5 4 -2 2 4 -2
266 396 4 4 -2 2 2
267 210 3 2 4 -2
267 330 5 4 -2 2 4 -2
267 405 4 4 -2 2 2
268 205 3 2 4 -2
268 332 5 4 -2 2 4 -2
268 401 4 4 -2 2 2
269 213 3 2 4 -2
269 334 5 4 -2 2 4 -2
269 397 4 4 -2 2 2
270 208 3 2 4 -2
271 325 5 4 -2 2 4 -2
271 402 4 4 -2 2 2
272 327 5 4 -2 2 4 -2
272 398 4 4 -2 2 2
273 329 5 4 -2 2 4 -2
273 407 4 4 -2 2 2
274 214 3 2 4 -2
274 403 4 4 -2 2 2
275 209 3 2 4 -2
275 333 5 4 -2 2 4 -2
275 399 4 4 -2 2 2
276 248 3 2 4 -2
277 243 3 2 4 -2
277 393 2 4 -2
278 251 3 2 4 -2
278 390 2 4 -2
279 246 3 2 4 -2
279 387 2 4 -2
280 241 3 2 4 -2
280 384 2 4 -2
281 249 3 2 4 -2
281 394 2 4 -2
282 244 3 2 4 -2
283 388 2 4 -2
284 385 2 4 -2
285 395 2 4 -2
286 250 3 2 4 -2
286 392 2 4 -2
287 245 3 2 4 -2
287 389 2 4 -2
288 260 3 2 4 -2
289 255 3 2 4 -2
289 429 2 4 -2
290 263 3 2 4 -2
290 426 2 4 -2
291 258 3 2 4 -2
291 423 2 4 -2
292 253 3 2 4 -2
292 420 2 4 -2
293 261 3 2 4 -2
293 430 2 4 -2
294 256 3 2 4 -2
295 424 2 4 -2
296 421 2 4 -2
297 431 2 4 -2
298 262 3 2 4 -2
298 428 2 4 -2
299 257 3 2 4 -2
299 425 2 4 -2
300 236 3 2 4 -2
301 231 3 2 4 -2
301 441 2 4 -2
302 239 3 2 4 -2
302 438 2 4 -2
303 234 3 2 4 -2
303 435 2 4 -2
304 229 3 2 4 -2
304 432 2 4 -2
305 237 3 2 4 -2
305 442 2 4 -2
306 232 3 2 4 -2
307 436 2 4 -2
308 433 2 4 -2
309 443 2 4 -2
310 238 3 2 4 -2
310 440 2 4 -2
311 233 3 2 4 -2
311 437 2 4 -2
312 89 2 2 2
312 214 1 2
313 86 2 2 2
313 207 1 2
314 196 5 4 -2 2 4 -2
314 213 1 2
315 93 2 2 2
315 198 5 4 -2 2 4 -2
315 206 1 2
316 90 2 2 2
316 200 5 4 -2 2 4 -2
316 212 1 2
317 87 2 2 2
317 202 5 4 -2 2 4 -2
317 205 1 2
318 84 2 2 2
318 211 1 2
319 94 2 2 2
319 193 5 4 -2 2 4 -2
319 204 1 2
320 91 2 2 2
320 195 5 4 -2 2 4 -2
320 210 1 2
321 197 5 4 -2 2 4 -2
322 85 2 2 2
322 209 1 2
323 95 2 2 2
323 201 5 4 -2 2 4 -2
323 215 1 2
324 46 1 2
324 250 1 2
325 39 1 2
325 243 1 2
325 285 2 4 -2
326 45 1 2
326 249 1 2
326 282 2 4 -2
327 38 1 2
327 242 1 2
327 279 2 4 -2
328 44 1 2
328 248 1 2
328 276 2 4 -2
329 37 1 2
329 241 1 2
329 286 2 4 -2
330 43 1 2
330 247 1 2
331 36 1 2
331 240 1 2
331 280 2 4 -2
332 42 1 2
332 246 1 2
332 277 2 4 -2
333 287 2 4 -2
334 41 1 2
334 245 1 2
334 284 2 4 -2
335 47 1 2
335 251 1 2
335 281 2 4 -2
336 34 1 2
336 226 1 2
337 27 1 2
337 219 1 2
337 297 2 4 -2
338 33 1 2
338 225 1 2
338 294 2 4 -2
339 26 1 2
339 218 1 2
339 291 2 4 -2
340 32 1 2
340 224 1 2
340 288 2 4 -2
341 25 1 2
341 217 1 2
341 298 2 4 -2
342 31 1 2
342 223 1 2
343 24 1 2
343 216 1 2
343 292 2 4 -2
344 30 1 2
344 222 1 2
344 289 2 4 -2
345 299 2 4 -2
346 29 1 2
346 221 1 2
346 296 2 4 -2
347 35 1 2
347 227 1 2
347 293 2 4 -2
348 22 1 2
348 202 1 2
349 15 1 2
349 195 1 2
350 21 1 2
350 201 1 2
351 14 1 2
351 194 1 2
352 20 1 2
352 200 1 2
353 13 1 2
353 193 1 2
354 19 1 2
354 199 1 2
355 12 1 2
355 192 1 2
356 18 1 2
356 198 1 2
358 17 1 2
358 197 1 2
359 23 1 2
359 203 1 2
360 10 1 2
360 190 1 2
361 3 1 2
361 183 1 2
362 9 1 2
362 189 1 2
362 225 10 4 -2 2 4 -2 2 4 -2 4 -2
363 2 1 2
363 182 1 2
363 216 10 4 -2 2 4 -2 2 4 -2 4 -2
364 8 1 2
364 188 1 2
365 1 1 2
365 181 1 2
365 224 10 4 -2 2 4 -2 2 4 -2 4 -2
366 7 1 2
366 187 1 2
367 0 1 2
367 180 1 2
367 219 10 4 -2 2 4 -2 2 4 -2 4 -2
368 6 1 2
368 186 1 2
369 227 10 4 -2 2 4 -2 2 4 -2 4 -2
370 5 1 2
370 185 1 2
371 11 1 2
371 191 1 2
372 58 1 2
372 262 1 2
373 51 1 2
373 255 1 2
374 57 1 2
374 261 1 2
375 50 1 2
375 254 1 2
376 56 1 2
376 260 1 2
377 49 1 2
377 253 1 2
378 55 1 2
378 259 1 2
379 48 1 2
379 252 1 2
380 54 1 2
380 258 1 2
382 53 1 2
382 257 1 2
383 59 1 2
383 263 1 2
384 430 1 2
385 423 1 2
386 296 6 4 -2 2 2 2 -2
386 308 7 4 -2 2 2 2 4 -2
386 429 1 2
387 233 8 4 -2 2 2 4 -2 4 -2
387 422 1 2
388 236 8 4 -2 2 2 4 -2 4 -2
388 294 6 4 -2 2 2 2 -2
388 309 7 4 -2 2 2 2 4 -2
388 428 1 2
389 239 8 4 -2 2 2 4 -2 4 -2
389 293 6 4 -2 2 2 2 -2
389 303 7 4 -2 2 2 2 4 -2
389 421 1 2
390 427 1 2
391 291 6 4 -2 2 2 2 -2
391 304 7 4 -2 2 2 2 4 -2
391 420 1 2
392 290 6 4 -2 2 2 2 -2
392 311 7 4 -2 2 2 2 4 -2
392 426 1 2
393 238 8 4 -2 2 2 4 -2 4 -2
393 289 6 4 -2 2 2 2 -2
393 305 7 4 -2 2 2 2 4 -2
394 228 8 4 -2 2 2 4 -2 4 -2
394 288 6 4 -2 2 2 2 -2
394 425 1 2
395 231 8 4 -2 2 2 4 -2 4 -2
395 306 7 4 -2 2 2 2 4 -2
395 431 1 2
396 368 3 2 4 -2
397 321 2 4 -2
397 363 3 2 4 -2
398 318 2 4 -2
398 371 3 2 4 -2
399 315 2 4 -2
399 366 3 2 4 -2
400 312 2 4 -2
400 361 3 2 4 -2
401 322 2 4 -2
401 369 3 2 4 -2
402 364 3 2 4 -2
403 316 2 4 -2
404 313 2 4 -2
405 323 2 4 -2
406 320 2 4 -2
406 370 3 2 4 -2
407 317 2 4 -2
407 365 3 2 4 -2
408 454 1 2
409 275 4 4 -2 4 -2
409 447 1 2
410 453 1 2
411 267 4 4 -2 4 -2
411 446 1 2
412 452 1 2
413 272 4 4 -2 4 -2
413 445 1 2
414 451 1 2
415 264 4 4 -2 4 -2
415 444 1 2
416 273 4 4 -2 4 -2
416 450 1 2
417 269 4 4 -2 4 -2
418 265 4 4 -2 4 -2
418 449 1 2
419 274 4 4 -2 4 -2
419 455 1 2
420 442 1 2
421 345 2 4 -2
421 435 1 2
422 342 2 4 -2
422 441 1 2
423 339 2 4 -2
423 434 1 2
424 336 2 4 -2
424 440 1 2
425 346 2 4 -2
425 433 1 2
426 439 1 2
427 340 2 4 -2
427 432 1 2
428 337 2 4 -2
428 438 1 2
429 347 2 4 -2
430 344 2 4 -2
430 437 1 2
431 341 2 4 -2
431 443 1 2
432 418 1 2
433 381 2 4 -2
433 411 1 2
434 378 2 4 -2
434 417 1 2
435 375 2 4 -2
435 410 1 2
436 372 2 4 -2
436 416 1 2
437 382 2 4 -2
437 409 1 2
438 415 1 2
439 376 2 4 -2
439 408 1 2
440 373 2 4 -2
440 414 1 2
441 383 2 4 -2
442 380 2 4 -2
442 413 1 2
443 377 2 4 -2
443 419 1 2
444 394 1 2
445 357 2 4 -2
445 387 1 2
446 354 2 4 -2
446 393 1 2
447 351 2 4 -2
447 386 1 2
448 348 2 4 -2
448 392 1 2
449 358 2 4 -2
449 385 1 2
450 391 1 2
451 352 2 4 -2
451 384 1 2
452 349 2 4 -2
452 390 1 2
453 359 2 4 -2
454 356 2 4 -2
454 389 1 2
455 353 2 4 -2
455 395 1 2
